1 1 1 1 1 1 20 19 7 3 8 1 19 3 8 12 1 1
1 3 16 21 2 1 26 13 7 3 19 16 7 20 1 1 1 1
6 3 2 7 6 19 1 20 2 13 1 20 1 1 14 16 21 1
1 4 12 4 1 12 20 1 8 3 1 2 3 3 13 1 3 12
1 12 2 1 12 1 13 16 1 1 1 26 1 20 6 24 21 3
14 4 12 16 2 26 20 3 1 1 3 12 1 14 4 3 4 1
26 4 19 1 1 12 6 1 19 1 6 12 24 1 21 13 1 14
12 4 1 1 1 4 1 2 20 3 1 4 10 1 24 1 21 2
6 1 1 12 13 3 1 1 13 2 1 4 1 4 26 1 10 1
1 1 16 10 1 21 3 7 24 12 1 8 24 14 1 1 12 4
6 1 1 2 13 6 4 21 16 20 7 26 3 4 1 7 20 13
3 1 1 6 20 1 19 1 24 6 24 3 1 4 2 13 3 3
19 1 20 3 16 19 8 20 3 10 12 12 8 2 7 1 21 12
1 1 12 6 7 1 1 1 1 1 3 16 2 14 4 1 16 8
1 10 1 1 2 21 1 6 1 1 20 13 1 12 6 1 3 1
8 21 20 3 1 1 13 3 24 1 21 7 6 26 12 4 4 1
10 19 1 1 3 3 12 1 1 24 1 21 1 16 4 2 1 1
19 20 7 4 1 10 8 1 16 13 14 14 13 1 4 1 1 8
1 3 7 2 8 24 3 1 12 1 8 19 1 1 4 20 1 8
3 7 3 12 26 12 7 2 3 13 1 1 1 4 6 6 24 1
12 14 1 1 21 10 7 1 4 1 8 1 13 1 1 13 1 1
10 20 1 13 10 6 1 1 1 4 4 14 1 2 1 24 3 1
13 1 21 2 26 1 2 26 7 16 1 1 6 21 4 16 6 8
13 1 2 20 12 2 19 1 1 26 26 8 1 24 1 10 4 7
1 1 14 1 10 1 1 3 12 26 6 4 6 8 8 4 24 13
1 1 26 2 16 1 1 1 26 1 10 1 10 6 1 1 1 20
1 16 21 2 1 3 7 1 2 20 20 14 1 20 19 2 8 7
1 4 6 2 1 1 1 7 2 1 2 1 1 4 13 1 1 2
1 14 21 19 1 16 19 24
