1 2 3 6 5 12 9 24 23 18 19 20 45 52
49 50 55 54 43 38 35 34 33 40 89 72 73 76
85 108 107 118 119 122 103 98 99 100 125 116 113 112
81 82 83 78 67 70 187 182 183 178 177 180 173 164
163 162 167 218 215 210 211 206 195 196 253 244 241 242
247 250 249 200 201 204 213 236 235 230 155 156 133 140
137 152 151 146 147 142 131 130 129 160 225 288 287 354
355 356 381 372 369 368 337 338 339 334 323 322 321 320
305 306 311 310 299 294 291 292 301 276 275 270 259 262
261 268 265 280 297 296 345 360 377 378 375 374 363 364
341 332 325 444 389 396 393 408 407 402 403 398 387 386
385 416 417 420 429 436 433 434 439 438 427 422 423 474
487 488 505 456 457 460 469 492 491 502 503 498 497 496
465 466 467 462 451 452 509 484 483
